DEVICE CHARACTERIZATION SUMMARY
==================================================
Chip: Thesis
Trial: Trial 1
Date: 2025-08-20 11:36:28

Baseline Noise: 493.22 µV RMS

CONDITION: transfer_0.5V
------------------------------
vth: 2.116419976041962
slope: -0.007188227917796335
gm_max: 0.007505214258627223
vgs_gm_max: 3.1987319229521662
ss: 329.06324106291316
vgs_ss: 1.7036779765698884
on_off_ratio: 139.11224598361454
i_on: 0.007793403600860073
i_off: 5.602241230278193e-05
vgs_ion: 3.1987319229521662
vgs_ioff: 0.17853977424380485

CONDITION: transfer_1.0V
------------------------------
vth: 2.1125710916299747
slope: -0.006810252604785415
gm_max: 0.007199848274245191
vgs_gm_max: 3.04901457417185
ss: 184.8275698074125
vgs_ss: 1.6541035955075736
on_off_ratio: 1250.1628140703694
i_on: 0.00741429417303731
i_off: 5.930662862141389e-06
vgs_ion: 3.199068689235293
vgs_ioff: 1.1585099886071668

CONDITION: transfer_2.0V
------------------------------
vth: 1.9664149045520138
slope: -0.0046291697148151505
gm_max: 0.00524007870866464
vgs_gm_max: 2.4514529051128515
ss: 108.86868034143446
vgs_ss: 1.8036623959138867
on_off_ratio: 295.9451448040929
i_on: 0.005177254101902737
i_off: 1.7493965327020078e-05
vgs_ion: 3.200183296225464
vgs_ioff: 1.7531253997236969

